1.2044 3.5761
0.1587 -1.4822
0.0952 -1.2800
0.3492 -2.0644
0.6942 2.8891
1.6207 -4.0351
1.5386 3.2426
0.0363 -0.8540
0.4746 2.4779
0.1657 1.8112
1.6645 3.4527
0.8403 -3.4402
0.2617 2.1055
0.2316 1.8138
1.5801 3.3027
0.0064 0.4181
0.6806 3.0964
0.1214 1.3310
1.1328 3.7871
1.6151 3.6711
0.1665 1.7761
1.7244 2.7615
1.8867 3.2554
1.7233 3.4686
1.5466 2.4864
0.9846 3.7738
1.4531 3.6061
0.7490 3.1125
1.4505 3.5752
1.6429 2.6161
1.2814 3.7166
1.5957 3.7051
1.4630 3.8369
1.4663 4.0376
1.5435 3.6628
1.5701 2.5829
1.2300 3.4664
1.3114 1.8101
-1.9936 -1.4939
0.3946 0.4152
1.5172 2.2720
1.6917 3.3696
1.7419 3.1209
-2.9137 -1.8192
0.7522 0.8930
1.6854 2.5830
0.3712 0.3910
-3.7303 -1.6385
0.3525 0.3587
-1.4869 -1.2003
-0.7453 -0.6627
0.5638 0.6311
1.2709 1.9115
0.5351 0.5618
-0.1713 -0.1648
-2.5020 -1.6794
-2.6328 -1.5250
-3.1556 -1.6868
-2.1102 -1.4571
-3.5130 -1.7790
-0.0352 -0.0349
-3.9984 -1.5226
-3.0810 -1.6678
-1.7902 -1.3404
-3.3752 -1.7131
-2.3858 -1.5185
-3.5474 -1.1351
-2.9234 -0.6426
-1.0101 -0.0683
-0.3022 -0.2920
-0.1479 -0.1412
-2.4111 -1.5067
-3.5207 -1.5300
-3.0976 -0.7944
-3.8645 -1.3996
0.0346 0.0356
-3.8130 -1.7973
-2.5494 -0.5114
-3.6183 -1.1267
-2.3172 -0.4212
-3.8584 -1.4567
-3.7718 -1.3385
-3.2264 -0.8165
-2.4975 -0.4738
-2.9416 -0.6398
-2.9139 -0.6343
-3.7062 -1.3806
-1.9527 -0.2578
-2.6602 -0.4477
0.8173 -0.0413
1.2177 -0.0977
-1.6625 -0.1786
-2.7511 -0.5675
-3.3187 -0.8137
-0.2141 -0.0026
-1.0990 -0.0725
-1.9477 -0.2634
-0.5000 -0.0206
-2.5262 -0.4033
1.9636 -0.2387
-1.0272 -0.0952
3.0325 -0.7990
1.5156 -0.1660
2.2186 -0.3644
-2.4039 -0.3860
2.0063 -0.2202
3.1791 -0.7754
-1.4519 -0.1222
1.2150 -0.0842
2.0461 -0.2981
-1.6218 -0.1969
3.1799 -0.7531
3.9680 -1.4683
0.3299 -0.0096
4.0782 -1.2021
-0.3176 -0.0096
3.3113 -0.8109
-0.9528 -0.0568
3.0377 -1.6735
3.5505 -1.4046
3.5599 -1.1234
2.3366 -0.4041
2.3135 -1.5716
0.2795 -0.2609
0.1519 -0.0003
1.9616 -1.4490
0.5474 -0.4900
3.4904 -1.8526
2.7257 -0.5417
2.1361 -1.5391
3.6704 -1.6887
3.9226 -1.4867
3.0886 -0.7977
1.9295 -1.3907
1.3895 -1.1437
3.5143 -1.5739
1.1304 -0.8874
3.3355 -1.2110
0.0092 -0.0086
1.6810 -1.1945
2.3071 -1.5343
2.2140 -1.5790
-0.5318 0.5807
-0.3459 0.3716
-0.0984 0.0998
0.6550 -0.5863
0.5836 -0.5263
-0.7682 0.8880
-0.0553 0.0565
-1.2596 1.5932
0.9428 -0.8251
3.7768 -1.2085
-1.7092 2.7834
-1.0817 3.4311
-1.4031 1.8890
-0.6436 0.7171
-0.6325 0.7168
-0.8537 1.0056
-1.2277 1.5789
0.9507 -0.7970
-0.5974 0.6589
0.5019 -0.4714
-1.8899 3.0691
-1.2360 1.6417
-1.7486 3.4314
-1.4883 2.2247
-1.2781 3.5936
-1.9934 3.8234
-0.0681 0.9782
1.0797 -0.9086
-1.4973 2.1623
-1.0225 3.5519
-0.0688 -1.1311
-1.7728 3.4140
-1.4290 3.3351
-1.6319 3.4384
-0.1574 1.3520
-1.6973 3.7605
-0.7207 3.3030
-1.4984 3.5527
-1.5329 2.3706
-0.7831 3.1848
-0.5655 2.9810
-0.0043 0.3103
-0.9548 3.3348
-1.4303 3.7479
-0.1991 1.7570
-0.3932 2.4123
-0.3139 2.2616
-0.5556 2.8431
-0.0562 -0.8085
-0.0584 0.7976
-0.8070 -3.1660
-0.1860 -1.7392
-0.0097 -0.3033
-1.5266 3.5145
-0.0233 -0.4482
-0.0212 -0.6802
-0.2379 -1.8946
-0.5858 -3.0913
-1.0705 3.6825
-0.0023 -0.2488
-0.0928 -1.1126
-0.9241 -3.3129
-0.0427 0.9831
-0.0788 -1.0620
-1.3547 3.6431
-0.0965 1.2360
-0.4889 -2.4864
-1.4043 -3.9655
-0.1030 -1.3041
-1.7682 -2.8070
-1.8144 -3.1792
-0.4035 -2.3490
-1.1301 3.8602
-0.3301 2.3105
-0.1036 -1.4033
-1.6282 -3.2205
-1.2707 -3.8005
-0.3242 2.2586
-0.8315 -3.3086
-1.1554 -1.5836
-0.8813 -3.4751
-0.5141 -2.6876
-0.3419 -0.3557
-1.5001 -3.7443
-1.0955 -3.6681
-1.7184 -3.3682
-1.6845 -3.7636
-1.2361 -3.4154
-0.8068 -0.9766
-1.0603 -1.2910
-1.2545 -1.6561
-1.7104 -3.3241
-0.4542 -0.4966
-1.7872 -3.1417
-1.2654 -1.7132
-0.2938 -0.3059
-0.4046 -0.4468
2.0313 1.4593
-1.0256 -1.2281
-1.0788 -3.6904
-1.4873 -3.4706
1.5297 1.1586
-1.3989 -2.0361
-0.3673 -0.3855
-1.5339 -2.6219
1.7537 1.3480
-1.1590 -1.5120
2.9497 1.7383
-1.3817 -1.7955
2.4120 1.5432
1.4833 1.1095
-1.2930 -1.6493
3.0284 1.7580
-1.1437 -1.4725
-1.0687 -1.2899
2.7073 1.6762
-0.2290 -0.2397
0.1804 0.1807
0.7880 0.6918
-0.1653 -0.1829
3.7398 1.6313
3.4878 1.8288
2.0838 1.4343
2.3655 1.6009
3.4704 1.7523
2.4291 0.4643
3.9021 1.4335
2.0381 1.4314
4.0439 1.4278
3.1534 1.7349
3.0944 1.7040
1.0008 0.0748
3.2211 1.8271
3.0390 1.7092
-0.1106 -0.1119
1.4534 1.1411
3.4270 0.9827
3.1638 1.6988
3.0644 0.7338
2.9715 1.8032
3.6682 1.8184
1.8158 0.2859
-0.6521 0.0109
2.3957 0.3406
-0.0183 -0.0001
-1.8543 0.2096
-0.0755 -0.0004
3.6833 1.4741
3.0185 0.6194
0.6672 0.0264
3.2196 0.7639
0.6714 0.0295
3.6266 1.6828
3.4169 0.9408
-0.4996 0.0092
2.8256 1.6141
3.6726 1.0459
0.7880 0.0345
3.8616 1.4908
-0.2856 0.0007
2.2842 0.3525
0.2814 0.0101
0.3135 0.0043
-1.4337 0.1318
0.9572 0.0414
-1.8544 0.1919
0.3818 0.0074
-2.7897 0.6466
-3.2855 1.6730
-2.2235 0.4214
-2.7806 0.5566
0.8263 0.0443
-3.7289 1.2923
-1.2329 0.0728
-0.9589 0.0620
-3.8581 1.4235
-3.5930 1.0874
-3.1969 1.7248
-2.1277 1.3867
-2.9642 0.5909
-3.6027 1.2990
-1.1747 0.9659
-2.5875 1.5688
-3.1629 1.7693
-1.7276 1.2979
-3.4534 0.9850
-2.8127 1.6928
-1.0355 0.8936
-0.3157 0.3061
-3.7014 1.1460
-4.2119 1.9155
-2.4609 1.5752
-3.4357 1.6627
-3.3447 1.5985
-1.3819 1.1099
-3.1795 1.6750
-2.4212 0.5253
-1.3364 1.0357
-3.0630 1.7444
-3.5650 1.8197
-3.3445 1.1113
0.7777 -0.8895
-2.9803 0.6661
-3.5523 1.2610
-1.8297 1.3666
1.4653 -2.0847
1.5669 -2.3872
-2.9654 1.6692
-0.9608 0.8492
-3.3789 1.7290
1.4714 -2.2564
-3.0283 1.6982
0.0075 -0.0076
1.7973 -3.0927
0.3911 -0.4100
1.6388 -3.7950
-0.8843 0.7613
1.5655 -2.3056
1.5953 -3.0347
1.2714 -1.6150
1.4070 -3.9027
1.5813 -2.9084
-1.7216 1.3125
0.5687 2.5985
1.6096 -3.5019
1.7085 -2.9604
0.0377 -0.0360
1.7789 -3.2781
1.5702 -2.3459
1.3163 -3.5692
1.4558 -3.5199
0.0996 -1.2385
1.4981 -3.4781
1.1981 -3.6548
1.3076 -3.8263
1.6907 -3.8083
1.5446 -3.5624
0.3362 -2.4465
0.4715 -2.5187
1.7933 -3.7003
1.7580 -2.9840
1.1106 -3.4969
0.0225 -0.4889
1.0340 -3.7627
0.1460 1.4225
1.5030 -3.6949
0.5296 -2.7939
0.7235 -0.8534
1.2444 -3.9747
0.7113 -3.0320
0.0366 -0.7203
0.5967 2.8717
0.1772 -1.5393
0.4504 2.4081
0.0376 0.8916
0.2136 1.7320
0.3244 -2.1163
0.7308 3.0683
